3.673799999999999982e-07
3.673799999999999982e-07
3.673799999999999982e-07
3.673799999999999982e-07
3.673799999999999982e-07
3.673799999999999982e-07
3.673799999999999982e-07
3.673799999999999982e-07
3.673799999999999982e-07
3.673799999999999982e-07
3.673799999999999982e-07
3.673799999999999982e-07
3.673799999999999982e-07
3.673799999999999982e-07
3.673799999999999982e-07
3.673799999999999982e-07
3.673799999999999982e-07
3.673799999999999982e-07
3.673799999999999982e-07
3.673799999999999982e-07
3.673799999999999982e-07
3.673799999999999982e-07
3.673799999999999982e-07
3.673799999999999982e-07
3.673799999999999982e-07
3.673799999999999982e-07
3.673799999999999982e-07
3.673799999999999982e-07
3.673799999999999982e-07
3.673799999999999982e-07
3.673799999999999982e-07
4.445399999999999824e-07
4.445399999999999824e-07
4.445399999999999824e-07
4.445399999999999824e-07
4.445399999999999824e-07
4.445399999999999824e-07
4.445399999999999824e-07
4.445399999999999824e-07
4.445399999999999824e-07
4.445399999999999824e-07
4.445399999999999824e-07
4.445399999999999824e-07
4.445399999999999824e-07
4.445399999999999824e-07
4.445399999999999824e-07
4.445399999999999824e-07
4.445399999999999824e-07
4.445399999999999824e-07
4.445399999999999824e-07
4.445399999999999824e-07
4.445399999999999824e-07
4.445399999999999824e-07
4.445399999999999824e-07
4.445399999999999824e-07
4.445399999999999824e-07
4.445399999999999824e-07
4.445399999999999824e-07
4.445399999999999824e-07
1.157309999999999978e-06
1.157309999999999978e-06
1.157309999999999978e-06
1.157309999999999978e-06
1.157309999999999978e-06
1.157309999999999978e-06
1.157309999999999978e-06
1.157309999999999978e-06
1.157309999999999978e-06
1.157309999999999978e-06
1.157309999999999978e-06
1.157309999999999978e-06
1.157309999999999978e-06
1.157309999999999978e-06
1.157309999999999978e-06
1.157309999999999978e-06
1.157309999999999978e-06
1.157309999999999978e-06
1.157309999999999978e-06
1.157309999999999978e-06
1.157309999999999978e-06
1.157309999999999978e-06
1.157309999999999978e-06
1.157309999999999978e-06
1.157309999999999978e-06
1.157309999999999978e-06
1.157309999999999978e-06
1.157309999999999978e-06
1.157309999999999978e-06
1.157309999999999978e-06
1.157309999999999978e-06
2.137349999999999958e-06
2.137349999999999958e-06
2.137349999999999958e-06
2.137349999999999958e-06
2.137349999999999958e-06
2.137349999999999958e-06
2.137349999999999958e-06
2.137349999999999958e-06
2.137349999999999958e-06
2.137349999999999958e-06
2.137349999999999958e-06
2.137349999999999958e-06
2.137349999999999958e-06
2.137349999999999958e-06
2.137349999999999958e-06
2.137349999999999958e-06
2.137349999999999958e-06
2.137349999999999958e-06
2.137349999999999958e-06
2.137349999999999958e-06
2.137349999999999958e-06
2.137349999999999958e-06
2.137349999999999958e-06
2.137349999999999958e-06
2.137349999999999958e-06
2.137349999999999958e-06
2.137349999999999958e-06
2.137349999999999958e-06
2.137349999999999958e-06
2.137349999999999958e-06
2.297030000000000181e-06
2.297030000000000181e-06
2.297030000000000181e-06
2.297030000000000181e-06
2.297030000000000181e-06
2.297030000000000181e-06
2.297030000000000181e-06
2.297030000000000181e-06
2.297030000000000181e-06
2.297030000000000181e-06
2.297030000000000181e-06
2.297030000000000181e-06
2.297030000000000181e-06
2.297030000000000181e-06
2.297030000000000181e-06
2.297030000000000181e-06
2.297030000000000181e-06
2.297030000000000181e-06
2.297030000000000181e-06
2.297030000000000181e-06
2.297030000000000181e-06
2.297030000000000181e-06
2.297030000000000181e-06
2.297030000000000181e-06
2.297030000000000181e-06
2.297030000000000181e-06
2.297030000000000181e-06
2.297030000000000181e-06
2.297030000000000181e-06
2.297030000000000181e-06
2.297030000000000181e-06
3.280289999999999895e-06
3.280289999999999895e-06
3.280289999999999895e-06
3.280289999999999895e-06
3.280289999999999895e-06
3.280289999999999895e-06
3.280289999999999895e-06
3.280289999999999895e-06
3.280289999999999895e-06
3.280289999999999895e-06
3.280289999999999895e-06
3.280289999999999895e-06
3.280289999999999895e-06
3.280289999999999895e-06
3.280289999999999895e-06
3.280289999999999895e-06
3.280289999999999895e-06
3.280289999999999895e-06
3.280289999999999895e-06
3.280289999999999895e-06
3.280289999999999895e-06
3.280289999999999895e-06
3.280289999999999895e-06
3.280289999999999895e-06
3.280289999999999895e-06
3.280289999999999895e-06
3.280289999999999895e-06
3.280289999999999895e-06
3.280289999999999895e-06
3.280289999999999895e-06
3.636880000000000151e-06
3.636880000000000151e-06
3.636880000000000151e-06
3.636880000000000151e-06
3.636880000000000151e-06
3.636880000000000151e-06
3.636880000000000151e-06
3.636880000000000151e-06
3.636880000000000151e-06
3.636880000000000151e-06
3.636880000000000151e-06
3.636880000000000151e-06
3.636880000000000151e-06
3.636880000000000151e-06
3.636880000000000151e-06
3.636880000000000151e-06
3.636880000000000151e-06
3.636880000000000151e-06
3.636880000000000151e-06
3.636880000000000151e-06
3.636880000000000151e-06
3.636880000000000151e-06
3.636880000000000151e-06
3.636880000000000151e-06
3.636880000000000151e-06
3.636880000000000151e-06
3.636880000000000151e-06
3.636880000000000151e-06
3.636880000000000151e-06
3.636880000000000151e-06
3.636880000000000151e-06
3.479690000000000052e-06
3.479690000000000052e-06
3.479690000000000052e-06
3.479690000000000052e-06
3.479690000000000052e-06
3.479690000000000052e-06
3.479690000000000052e-06
3.479690000000000052e-06
3.479690000000000052e-06
3.479690000000000052e-06
3.479690000000000052e-06
3.479690000000000052e-06
3.479690000000000052e-06
3.479690000000000052e-06
3.479690000000000052e-06
3.479690000000000052e-06
3.479690000000000052e-06
3.479690000000000052e-06
3.479690000000000052e-06
3.479690000000000052e-06
3.479690000000000052e-06
3.479690000000000052e-06
3.479690000000000052e-06
3.479690000000000052e-06
3.479690000000000052e-06
3.479690000000000052e-06
3.479690000000000052e-06
3.479690000000000052e-06
3.479690000000000052e-06
3.479690000000000052e-06
3.479690000000000052e-06
2.365109999999999875e-06
2.365109999999999875e-06
2.365109999999999875e-06
2.365109999999999875e-06
2.365109999999999875e-06
2.365109999999999875e-06
2.365109999999999875e-06
2.365109999999999875e-06
2.365109999999999875e-06
2.365109999999999875e-06
2.365109999999999875e-06
2.365109999999999875e-06
2.365109999999999875e-06
2.365109999999999875e-06
2.365109999999999875e-06
2.365109999999999875e-06
2.365109999999999875e-06
2.365109999999999875e-06
2.365109999999999875e-06
2.365109999999999875e-06
2.365109999999999875e-06
2.365109999999999875e-06
2.365109999999999875e-06
2.365109999999999875e-06
2.365109999999999875e-06
2.365109999999999875e-06
2.365109999999999875e-06
2.365109999999999875e-06
2.365109999999999875e-06
2.365109999999999875e-06
1.704139999999999959e-06
1.704139999999999959e-06
1.704139999999999959e-06
1.704139999999999959e-06
1.704139999999999959e-06
1.704139999999999959e-06
1.704139999999999959e-06
1.704139999999999959e-06
1.704139999999999959e-06
1.704139999999999959e-06
1.704139999999999959e-06
1.704139999999999959e-06
1.704139999999999959e-06
1.704139999999999959e-06
1.704139999999999959e-06
1.704139999999999959e-06
1.704139999999999959e-06
1.704139999999999959e-06
1.704139999999999959e-06
1.704139999999999959e-06
1.704139999999999959e-06
1.704139999999999959e-06
1.704139999999999959e-06
1.704139999999999959e-06
1.704139999999999959e-06
1.704139999999999959e-06
1.704139999999999959e-06
1.704139999999999959e-06
1.704139999999999959e-06
1.704139999999999959e-06
1.704139999999999959e-06
1.028800000000000001e-06
1.028800000000000001e-06
1.028800000000000001e-06
1.028800000000000001e-06
1.028800000000000001e-06
1.028800000000000001e-06
1.028800000000000001e-06
1.028800000000000001e-06
1.028800000000000001e-06
1.028800000000000001e-06
1.028800000000000001e-06
1.028800000000000001e-06
1.028800000000000001e-06
1.028800000000000001e-06
1.028800000000000001e-06
1.028800000000000001e-06
1.028800000000000001e-06
1.028800000000000001e-06
1.028800000000000001e-06
1.028800000000000001e-06
1.028800000000000001e-06
1.028800000000000001e-06
1.028800000000000001e-06
1.028800000000000001e-06
1.028800000000000001e-06
1.028800000000000001e-06
1.028800000000000001e-06
1.028800000000000001e-06
1.028800000000000001e-06
1.028800000000000001e-06
9.257299999999999653e-07
9.257299999999999653e-07
9.257299999999999653e-07
9.257299999999999653e-07
9.257299999999999653e-07
9.257299999999999653e-07
9.257299999999999653e-07
9.257299999999999653e-07
9.257299999999999653e-07
9.257299999999999653e-07
9.257299999999999653e-07
9.257299999999999653e-07
9.257299999999999653e-07
9.257299999999999653e-07
9.257299999999999653e-07
9.257299999999999653e-07
9.257299999999999653e-07
9.257299999999999653e-07
9.257299999999999653e-07
9.257299999999999653e-07
9.257299999999999653e-07
9.257299999999999653e-07
9.257299999999999653e-07
9.257299999999999653e-07
9.257299999999999653e-07
9.257299999999999653e-07
9.257299999999999653e-07
9.257299999999999653e-07
9.257299999999999653e-07
9.257299999999999653e-07
9.257299999999999653e-07
