2.411000000000000125e-05
2.349999999999999947e-06
3.819999999999999848e-06
2.899999999999999763e-07
0.000000000000000000e+00
4.120000000000000364e-06
2.175000000000000013e-05
6.469999999999999887e-06
2.616000000000000026e-05
1.235000000000000034e-05
3.819999999999999848e-06
2.292999999999999899e-05
2.939999999999999803e-06
1.469999999999999902e-06
7.060000000000000168e-06
1.235000000000000034e-05
8.800000000000000449e-07
2.899999999999999763e-07
2.899999999999999763e-07
8.800000000000000449e-07
0.000000000000000000e+00
2.899999999999999763e-07
8.800000000000000449e-07
2.939999999999999803e-06
1.760000000000000090e-06
1.116999999999999978e-05
2.060000000000000182e-06
1.529000000000000099e-05
2.899999999999999763e-07
2.899999999999999763e-07
2.060000000000000182e-06
0.000000000000000000e+00
2.899999999999999763e-07
0.000000000000000000e+00
2.899999999999999763e-07
1.179999999999999925e-06
2.899999999999999763e-07
0.000000000000000000e+00
2.899999999999999763e-07
2.899999999999999763e-07
0.000000000000000000e+00
2.899999999999999763e-07
0.000000000000000000e+00
1.760000000000000090e-06
2.349999999999999947e-06
0.000000000000000000e+00
7.060000000000000168e-06
2.299999999999999949e-07
0.000000000000000000e+00
1.087999999999999917e-05
1.390000000000000032e-06
1.159999999999999905e-06
1.527999999999999939e-05
2.780000000000000065e-06
7.639999999999999697e-06
5.090000000000000394e-06
9.029999999999999941e-06
2.299999999999999949e-07
7.639999999999999697e-06
6.479999999999999791e-06
5.090000000000000394e-06
1.390000000000000032e-06
5.560000000000000130e-06
2.299999999999999949e-07
0.000000000000000000e+00
0.000000000000000000e+00
8.559999999999999359e-06
6.019999999999999961e-06
0.000000000000000000e+00
7.639999999999999697e-06
2.780000000000000065e-06
2.082999999999999877e-05
0.000000000000000000e+00
2.299999999999999949e-07
6.899999999999999582e-07
2.299999999999999949e-07
2.299999999999999949e-07
4.599999999999999898e-07
0.000000000000000000e+00
0.000000000000000000e+00
0.000000000000000000e+00
1.159999999999999905e-06
1.619999999999999948e-06
2.299999999999999949e-07
1.042000000000000018e-05
0.000000000000000000e+00
2.315000000000000028e-05
9.720000000000000111e-06
2.616000000000000026e-05
7.869999999999999189e-06
1.527999999999999939e-05
2.299999999999999949e-07
9.720000000000000111e-06
2.299999999999999949e-07
0.000000000000000000e+00
2.299999999999999949e-07
2.299999999999999949e-07
0.000000000000000000e+00
0.000000000000000000e+00
0.000000000000000000e+00
5.319999999999999886e-06
9.490000000000000619e-06
0.000000000000000000e+00
0.000000000000000000e+00
2.299999999999999949e-07
0.000000000000000000e+00
0.000000000000000000e+00
0.000000000000000000e+00
1.850000000000000075e-06
2.299999999999999949e-07
0.000000000000000000e+00
0.000000000000000000e+00
0.000000000000000000e+00
2.299999999999999949e-07
3.940000000000000393e-06
0.000000000000000000e+00
1.619999999999999948e-06
7.179999999999999866e-06
1.550999999999999889e-05
1.527999999999999939e-05
2.299999999999999949e-07
3.239999999999999896e-06
1.389000000000000084e-05
3.009999999999999980e-06
1.828999999999999937e-05
1.504999999999999990e-05
0.000000000000000000e+00
2.430999999999999933e-05
9.299999999999999897e-07
0.000000000000000000e+00
4.629999999999999716e-06
0.000000000000000000e+00
0.000000000000000000e+00
0.000000000000000000e+00
2.079999999999999991e-06
3.009999999999999980e-06
1.159999999999999905e-06
1.781999999999999879e-05
1.064999999999999968e-05
9.299999999999999897e-07
0.000000000000000000e+00
8.199999999999999841e-07
0.000000000000000000e+00
2.650000000000000039e-06
0.000000000000000000e+00
0.000000000000000000e+00
5.290000000000000174e-06
5.899999999999999627e-07
1.087999999999999917e-05
8.800000000000000449e-07
1.204999999999999983e-05
2.175000000000000013e-05
3.229999999999999991e-06
2.899999999999999763e-07
0.000000000000000000e+00
0.000000000000000000e+00
2.899999999999999763e-07
2.899999999999999763e-07
0.000000000000000000e+00
0.000000000000000000e+00
0.000000000000000000e+00
0.000000000000000000e+00
0.000000000000000000e+00
6.759999999999999652e-06
1.179999999999999925e-06
2.899999999999999763e-07
0.000000000000000000e+00
1.411000000000000043e-05
0.000000000000000000e+00
0.000000000000000000e+00
8.800000000000000449e-07
1.760000000000000090e-06
5.000000000000000409e-06
0.000000000000000000e+00
0.000000000000000000e+00
0.000000000000000000e+00
1.179999999999999925e-06
0.000000000000000000e+00
5.899999999999999627e-07
0.000000000000000000e+00
0.000000000000000000e+00
6.170000000000000218e-06
2.939999999999999803e-06
1.179999999999999925e-06
4.410000000000000129e-06
3.229999999999999991e-06
5.290000000000000174e-06
2.322000000000000130e-05
5.879999999999999607e-06
0.000000000000000000e+00
0.000000000000000000e+00
8.800000000000000449e-07
2.349999999999999947e-06
8.529999999999999646e-06
2.899999999999999763e-07
0.000000000000000000e+00
0.000000000000000000e+00
2.899999999999999763e-07
0.000000000000000000e+00
8.529999999999999646e-06
2.899999999999999763e-07
5.899999999999999627e-07
4.120000000000000364e-06
0.000000000000000000e+00
1.469999999999999902e-06
0.000000000000000000e+00
6.469999999999999887e-06
2.411000000000000125e-05
2.909999999999999921e-05
2.060000000000000182e-06
1.760000000000000090e-06
0.000000000000000000e+00
1.351999999999999930e-05
0.000000000000000000e+00
0.000000000000000000e+00
1.469999999999999902e-06
5.899999999999999627e-07
1.760000000000000090e-06
0.000000000000000000e+00
0.000000000000000000e+00
0.000000000000000000e+00
1.263999999999999926e-05
0.000000000000000000e+00
0.000000000000000000e+00
5.899999999999999627e-07
2.205000000000000064e-05
0.000000000000000000e+00
2.899999999999999763e-07
0.000000000000000000e+00
2.349999999999999947e-06
5.879999999999999607e-06
2.060000000000000182e-06
2.939999999999999803e-06
1.147000000000000030e-05
6.759999999999999652e-06
2.899999999999999763e-07
8.800000000000000449e-07
5.879999999999999607e-06
0.000000000000000000e+00
5.899999999999999627e-07
0.000000000000000000e+00
0.000000000000000000e+00
6.170000000000000218e-06
5.879999999999999607e-06
8.800000000000000449e-07
2.899999999999999763e-07
0.000000000000000000e+00
3.229999999999999991e-06
0.000000000000000000e+00
0.000000000000000000e+00
2.899999999999999763e-07
0.000000000000000000e+00
0.000000000000000000e+00
0.000000000000000000e+00
1.469999999999999986e-05
0.000000000000000000e+00
7.940000000000000212e-06
1.175999999999999921e-05
0.000000000000000000e+00
0.000000000000000000e+00
0.000000000000000000e+00
0.000000000000000000e+00
2.899999999999999763e-07
6.759999999999999652e-06
2.060000000000000182e-06
2.349999999999999947e-06
5.290000000000000174e-06
1.469999999999999902e-06
0.000000000000000000e+00
0.000000000000000000e+00
2.899999999999999763e-07
2.899999999999999763e-07
0.000000000000000000e+00
2.899999999999999763e-07
2.899999999999999763e-07
2.899999999999999763e-07
0.000000000000000000e+00
2.650000000000000039e-06
1.116999999999999978e-05
1.351999999999999930e-05
2.899999999999999763e-07
0.000000000000000000e+00
0.000000000000000000e+00
0.000000000000000000e+00
0.000000000000000000e+00
0.000000000000000000e+00
5.899999999999999627e-07
8.800000000000000449e-07
2.899999999999999763e-07
2.899999999999999763e-07
1.469999999999999902e-06
2.899999999999999763e-07
2.650000000000000039e-06
1.116999999999999978e-05
2.899999999999999763e-07
0.000000000000000000e+00
5.000000000000000409e-06
1.760000000000000090e-06
5.899999999999999627e-07
8.800000000000000449e-07
1.940000000000000060e-05
4.699999999999999893e-06
8.230000000000000824e-06
2.899999999999999763e-07
2.899999999999999763e-07
0.000000000000000000e+00
1.469999999999999902e-06
5.899999999999999627e-07
7.060000000000000168e-06
5.000000000000000409e-06
2.175000000000000013e-05
1.764000000000000051e-05
3.087000000000000090e-05
0.000000000000000000e+00
2.060000000000000182e-06
4.699999999999999893e-06
1.147000000000000030e-05
3.351000000000000273e-05
3.851000000000000229e-05
4.699999999999999893e-06
1.499000000000000048e-05
7.060000000000000168e-06
1.175999999999999921e-05
1.058000000000000035e-05
0.000000000000000000e+00
2.899999999999999763e-07
4.410000000000000129e-06
1.911000000000000169e-05
0.000000000000000000e+00
1.469999999999999902e-06
7.349999999999999932e-06
1.529000000000000099e-05
2.733999999999999912e-05
2.939999999999999973e-05
7.349999999999999932e-06
4.699999999999999893e-06
1.263999999999999926e-05
2.899999999999999763e-07
1.440999999999999925e-05
8.230000000000000824e-06
2.060000000000000182e-06
4.120000000000000364e-06
2.899999999999999763e-07
2.351999999999999843e-05
4.410000000000000129e-06
4.322000000000000294e-05
2.349999999999999947e-06
1.469999999999999902e-06
2.060000000000000182e-06
1.734000000000000000e-05
8.800000000000000449e-07
1.469999999999999902e-06
4.120000000000000364e-06
1.469999999999999902e-06
7.940000000000000212e-06
1.263999999999999926e-05
3.229999999999999991e-06
5.000000000000000409e-06
3.410000000000000216e-05
6.525999999999999520e-05
2.349999999999999947e-06
0.000000000000000000e+00
2.899999999999999763e-07
1.028999999999999974e-05
4.699999999999999893e-06
